0 0.178949 0.27887 0.0995911 0.555989
0 0.624973 0.319479 0.142961 0.415666
0 0.106311 0.2689 0.0874227 0.533356
0 0.901004 0.282526 0.19422 0.563686
0 0.328531 0.26951 0.0995966 0.53831
0 0.392381 0.270247 0.107812 0.539056
0 0.0514392 0.262764 0.102687 0.524135
0 0.542304 0.388595 0.100224 0.245324
0 0.291751 0.275518 0.103489 0.551582
0 0.21891 0.256009 0.105226 0.510603
0 0.724753 0.321015 0.108991 0.433937
0 0.803472 0.337833 0.115589 0.393693
0 0.371518 0.271329 0.072693 0.541816
0 0.709512 0.282666 0.105744 0.510786
0 0.486866 0.296275 0.130165 0.45026
