0 0.04699 0.277152 0.0935939 0.55375
0 0.102482 0.25687 0.101521 0.512264
0 0.176707 0.268654 0.103536 0.537046
0 0.926206 0.273522 0.145143 0.545921
0 0.248257 0.258904 0.0689937 0.516457
0 0.786943 0.310972 0.114177 0.397005
0 0.301941 0.258987 0.0677868 0.517645
0 0.728224 0.317676 0.0906771 0.384974
0 0.495912 0.360373 0.102973 0.255539
0 0.587525 0.276111 0.138351 0.445396
0 0.604457 0.324787 0.118225 0.356625
0 0.686639 0.307124 0.0773079 0.417505
0 0.351746 0.281166 0.100755 0.4255
0 0.635295 0.322702 0.0890615 0.363022
0 0.453689 0.267765 0.133329 0.4569
