0 0.736237 0.291802 0.0508479 0.583345
0 0.365459 0.265278 0.159634 0.528633
0 0.973951 0.27376 0.0502434 0.545367
0 0.580022 0.278725 0.116216 0.555767
0 0.786246 0.290477 0.0666481 0.57773
0 0.636308 0.279797 0.0963277 0.556101
0 0.0365646 0.260548 0.0729219 0.520059
0 0.876187 0.293897 0.120187 0.578735
0 0.517789 0.345521 0.118881 0.379988
0 0.69194 0.246533 0.0610476 0.492423
0 0.153521 0.349217 0.0826423 0.348592
0 0.924129 0.337871 0.0398712 0.461178
0 0.247755 0.261453 0.125815 0.520684
0 0.395239 0.348358 0.124445 0.351178
0 0.0876479 0.391511 0.0712106 0.292979
