0 0.078487 0.266319 0.108305 0.531115
0 0.124208 0.247611 0.103126 0.493372
0 0.267289 0.251895 0.0777363 0.502652
0 0.598263 0.249106 0.165966 0.495936
0 0.919001 0.271153 0.159397 0.541683
0 0.204915 0.260769 0.0898418 0.520882
0 0.689895 0.255599 0.131153 0.509075
0 0.317372 0.253844 0.0724171 0.507575
0 0.786172 0.319701 0.105096 0.372805
0 0.0269716 0.243004 0.0539468 0.485083
0 0.502801 0.345358 0.105464 0.273972
0 0.366212 0.272841 0.0970611 0.421883
0 0.729054 0.314697 0.0811743 0.382677
